120 188 204 238 145 244 154 193 41 237 51 195 131 219 224 166 
236 220 126 185 75 162 206 12 100 118 166 21 121 236 99 168 
224 191 67 100 212 4 60 12 199 2 69 74 3 80 210 97 
200 145 230 152 168 48 227 23 128 136 173 96 101 33 91 189 
174 121 253 69 93 63 235 240 43 78 197 142 166 145 9 131 
189 208 116 214 32 10 112 158 123 116 157 15 234 53 154 140 
227 120 219 9 45 165 165 206 186 100 46 166 174 210 250 70 
34 144 201 176 103 47 62 225 215 10 58 203 73 229 94 255 
92 69 120 102 199 167 99 187 178 187 227 131 206 16 188 178 
1 180 134 97 148 109 139 100 106 191 48 142 160 176 54 184 
160 18 157 225 53 174 128 108 52 208 31 68 63 250 145 242 
167 217 186 122 19 71 214 86 155 105 111 179 227 165 225 211 
77 38 70 42 24 197 49 148 164 110 36 202 95 108 221 234 
247 35 213 202 122 168 163 202 111 133 210 77 155 240 53 152 
54 130 148 89 31 224 201 180 190 8 6 250 48 1 135 93 
1 206 9 219 156 117 64 1 125 59 156 223 19 249 68 73 
